,
8299020,
10680336,
10523154,
8707096,
6982682,
8299038,
5563948,
6870060,
10926638,
7013932,
10041904,
3562034,
9953332,
9786422,
10041910,
7070262,
5122110,
9701952,
5800514,
11103814,
6901324,
5431886,
6915156,
8203364,
4558446,
3181167,
8191598,
6940786,
10972788,
8629380,
6926470,
7362702,
9830036,
8752280,
10306720,
10666692,
4307150,
8954064,
7310034,
7124716,
5847806,
9817860,
6278406,
7176968,
8694540,
9858832,
11106066,
11062548,
5726492,
6718240,
747301,
8985894,
9830188,
11104050,
10881340,
11140412,
9717568,
9742662,
3813190,
9970504,
5707594,
9460044,
4197204,
9424214,
9722218,
8719732,
10465146,
10616706,
4252548,
6278024,
9607564,
1976215,
10955198,
5508544,
9028040,
8257992,
9927120,
7338448,
6357464,
7337436,
3410414,
8694256,
10107892,
10897402